#ID,RA,DEC,RA_err,Dec_err
7.000000,53.009634,-27.270768,1.531699,1.531699
10.000000,53.008996,-27.047819,1.886209,1.886209
27.000000,53.196088,-27.176580,3.197879,3.197879
28.000000,52.289779,-26.935793,2.329621,2.329621
36.000000,52.862168,-28.302076,2.447846,2.447846
59.000000,52.209376,-27.202160,2.512644,2.512644
60.000000,53.080047,-27.493224,17.500538,17.500538
62.000000,52.598027,-28.425021,2.826951,2.826951
63.000000,52.016783,-27.448804,2.448958,2.448958
69.000000,52.207499,-27.316378,2.731203,2.731203
70.000000,52.438212,-28.203696,2.248293,2.248293
72.000000,53.108600,-27.675897,3.990630,3.990630
73.000000,53.112387,-27.685369,5.162778,5.162778
82.000000,53.010330,-28.350247,19.461008,19.461008
83.000000,52.792887,-27.279128,2.851629,2.851629
87.000000,52.206522,-27.028820,3.466478,3.466478
88.000000,52.634938,-27.078010,3.694620,3.694620
97.000000,52.695653,-27.987537,3.288385,3.288385
101.000000,53.191028,-28.376105,3.573566,3.573566
162.000000,53.049896,-27.624856,3.202048,3.202048
164.000000,52.277707,-27.947781,2.859848,2.859848
171.000000,52.179698,-28.358411,3.710752,3.710752
192.000000,52.524736,-27.472550,3.634467,3.634467
193.000000,52.572587,-27.571069,3.726121,3.726121
194.000000,52.570716,-27.118016,3.472607,3.472607
195.000000,52.627676,-28.358597,3.487224,3.487224
205.000000,53.268607,-28.227724,3.941251,3.941251
214.000000,53.263715,-27.140015,5.203330,5.203330
221.000000,52.737860,-26.994057,5.333925,5.333925
222.000000,52.743131,-26.978749,6.558633,6.558633
223.000000,52.712895,-26.982529,7.436485,7.436485
245.000000,52.367649,-28.326152,4.882316,4.882316
248.000000,52.851859,-28.272141,4.950554,4.950554
249.000000,52.811783,-27.921240,4.121043,4.121043
251.000000,53.156520,-28.146269,4.923195,4.923195
252.000000,53.146261,-28.155438,5.401451,5.401451
256.000000,52.070768,-27.045000,4.370613,4.370613
257.000000,52.070940,-27.235904,4.073376,4.073376
259.000000,53.036928,-27.792360,4.063113,4.063113
267.000000,53.112547,-27.485233,5.651885,5.651885
292.000000,52.087757,-28.348091,4.323708,4.323708
300.000000,52.361370,-27.518811,14.750812,14.750812
310.000000,53.057467,-27.466281,5.586267,5.586267
318.000000,52.226544,-28.288967,12.737929,12.737929
324.000000,52.306223,-27.051947,4.328746,4.328746
326.000000,52.512742,-27.550040,5.637740,5.637740
328.000000,52.566332,-28.039973,5.224740,5.224740
332.000000,52.879472,-27.479103,4.381624,4.381624
344.000000,52.149592,-27.734148,3.550482,3.550482
351.000000,53.256012,-27.761716,4.583148,4.583148
356.000000,53.249200,-27.796460,4.344811,4.344811
366.000000,53.025855,-27.014358,4.789645,4.789645
379.000000,52.603424,-28.174213,4.663636,4.663636
381.000000,52.381661,-26.931420,6.070954,6.070954
382.000000,52.402226,-26.942777,5.446300,5.446300
387.000000,52.023825,-28.447752,4.351954,4.351954
402.000000,53.277234,-28.151320,5.428870,5.428870
406.000000,53.125413,-26.947016,16.754959,16.754959
437.000000,52.735708,-27.320485,4.205065,4.205065
438.000000,52.072814,-27.175013,7.863191,7.863191
439.000000,52.938240,-27.910807,4.899478,4.899478
440.000000,52.054233,-27.135838,4.634898,4.634898
442.000000,52.345427,-27.672501,8.404224,8.404224
445.000000,52.418883,-27.862586,4.559761,4.559761
448.000000,52.068558,-27.471394,5.604072,5.604072
455.000000,53.128173,-28.135574,4.545204,4.545204
459.000000,53.026160,-27.543871,5.907998,5.907998
461.000000,52.917947,-27.495414,8.352974,8.352974
466.000000,53.199705,-28.147917,4.792448,4.792448
467.000000,52.837799,-27.152425,5.153837,5.153837
479.000000,52.033677,-27.764553,5.336796,5.336796
496.000000,53.071376,-27.331116,5.057159,5.057159
501.000000,52.141448,-28.009405,6.683558,6.683558
513.000000,53.070060,-27.403535,4.294557,4.294557
519.000000,53.145288,-27.499314,5.433587,5.433587
527.000000,52.082258,-28.131678,14.015989,14.015989
542.000000,52.198740,-28.385885,6.699902,6.699902
551.000000,52.354588,-27.179743,6.029083,6.029083
564.000000,53.023753,-27.635317,7.736092,7.736092
579.000000,52.892967,-27.180764,5.093728,5.093728
597.000000,52.133308,-28.081771,5.375859,5.375859
598.000000,52.246983,-27.111955,6.702281,6.702281
602.000000,52.340737,-26.969703,5.791251,5.791251
606.000000,52.343585,-27.575548,6.380522,6.380522
607.000000,52.901078,-28.030059,5.674757,5.674757
608.000000,52.805442,-28.317848,5.972020,5.972020
609.000000,52.611361,-27.178331,5.397554,5.397554
613.000000,52.728182,-27.440325,5.651217,5.651217
616.000000,52.060049,-27.025590,4.897459,4.897459
617.000000,52.887737,-27.514274,4.770288,4.770288
618.000000,52.365234,-27.796572,5.327399,5.327399
620.000000,52.713499,-27.214537,5.003437,5.003437
621.000000,52.432613,-28.043403,5.237360,5.237360
622.000000,52.281273,-27.693854,6.101786,6.101786
623.000000,52.037448,-27.357572,5.116733,5.116733
626.000000,53.162159,-28.447853,5.225004,5.225004
639.000000,53.291841,-28.464519,4.646590,4.646590
646.000000,52.319159,-27.089245,5.608717,5.608717
655.000000,52.007130,-27.640358,5.682215,5.682215
656.000000,53.037773,-27.513657,5.488885,5.488885
662.000000,52.476019,-27.289719,7.602169,7.602169
675.000000,52.404555,-28.398771,4.571640,4.571640
769.000000,52.313987,-27.543169,5.531710,5.531710
770.000000,52.390176,-27.678427,5.921381,5.921381
771.000000,52.489221,-27.803379,7.757996,7.757996
785.000000,53.013902,-27.475493,13.263259,13.263259
791.000000,53.272771,-27.011534,4.635003,4.635003
793.000000,53.279615,-27.371342,9.714174,9.714174
803.000000,52.330156,-28.490871,5.369285,5.369285
842.000000,52.374660,-27.365951,5.305444,5.305444
845.000000,52.189805,-27.186975,6.214372,6.214372
847.000000,52.753838,-27.856280,5.638622,5.638622
853.000000,52.604425,-27.231258,5.115222,5.115222
856.000000,52.869510,-28.173186,7.049244,7.049244
858.000000,52.864295,-28.082349,5.831440,5.831440
871.000000,52.916295,-28.329620,6.817886,6.817886
873.000000,52.725054,-28.377059,5.767586,5.767586
878.000000,52.748599,-27.436078,7.691627,7.691627
881.000000,52.968971,-28.304636,6.243443,6.243443
883.000000,52.942309,-28.191406,4.758286,4.758286
886.000000,52.962805,-27.962482,5.848788,5.848788
895.000000,52.901589,-27.577940,5.570537,5.570537
901.000000,52.009516,-27.132368,5.675890,5.675890
906.000000,52.544478,-28.338446,4.939690,4.939690
924.000000,52.641023,-27.457785,5.525954,5.525954
972.000000,52.744983,-28.491063,7.128724,7.128724
973.000000,52.347189,-28.309941,6.513549,6.513549
977.000000,53.298312,-28.196774,5.691450,5.691450
1005.000000,52.830239,-27.406057,5.540045,5.540045
1008.000000,52.013769,-27.238761,6.874095,6.874095
1040.000000,52.293844,-27.812610,8.663393,8.663393
1073.000000,53.113206,-27.595591,21.454233,21.454233
1084.000000,52.842406,-27.231553,5.638084,5.638084
1138.000000,52.334753,-27.243826,6.335775,6.335775
1143.000000,52.432633,-27.698729,6.624864,6.624864
1157.000000,52.630143,-27.579606,5.922564,5.922564
1187.000000,52.668572,-27.702842,5.928802,5.928802
1188.000000,52.889113,-28.209224,6.494511,6.494511
1191.000000,52.213041,-27.521762,6.605377,6.605377
1192.000000,52.963578,-28.217763,5.904152,5.904152
1195.000000,52.482422,-28.157865,6.426800,6.426800
1222.000000,53.081578,-27.351089,7.241450,7.241450
1228.000000,52.845906,-27.017540,5.938735,5.938735
1250.000000,52.718611,-27.823571,6.272212,6.272212
51.000000,53.790121,-28.549468,2.125006,2.125006
78.000000,52.151856,-28.698625,2.495880,2.495880
89.000000,53.646865,-28.608517,4.069665,4.069665
136.000000,53.471993,-28.507105,3.598763,3.598763
196.000000,53.867049,-28.533553,6.904940,6.904940
197.000000,53.895710,-28.528716,8.425039,8.425039
229.000000,52.742780,-28.599968,4.461872,4.461872
261.000000,53.497379,-28.633952,9.917065,9.917065
296.000000,53.921786,-28.571223,3.982014,3.982014
352.000000,53.022719,-28.624566,4.570305,4.570305
359.000000,52.167808,-28.672697,11.138802,11.138802
460.000000,53.125374,-28.510869,5.317840,5.317840
461.000000,53.025865,-28.531496,4.846898,4.846898
462.000000,53.246830,-28.582346,4.108357,4.108357
472.000000,52.691164,-28.698211,4.583025,4.583025
499.000000,52.371074,-28.557036,4.260308,4.260308
650.000000,53.137274,-28.674938,5.271724,5.271724
689.000000,53.813285,-28.551982,4.630954,4.630954
772.000000,52.159898,-28.504348,8.800541,8.800541
854.000000,52.923725,-28.688899,7.350752,7.350752
917.000000,53.176041,-28.651232,5.111554,5.111554
929.000000,53.345582,-28.699125,5.587616,5.587616
950.000000,53.471122,-28.567984,6.371059,6.371059
1272.000000,52.342774,-28.510115,6.359100,6.359100
7.000000,53.382530,-27.154525,1.168648,1.168648
15.000000,53.847822,-28.123263,1.945701,1.945701
24.000000,53.457438,-28.379145,1.862592,1.862592
38.000000,53.554117,-28.416492,2.729359,2.729359
72.000000,53.853511,-28.336451,3.043970,3.043970
94.000000,53.352633,-27.430498,2.726153,2.726153
108.000000,53.914263,-27.528236,3.252937,3.252937
128.000000,53.748225,-27.499330,3.588350,3.588350
134.000000,53.779101,-27.881392,3.059631,3.059631
147.000000,53.648559,-28.470152,4.361269,4.361269
154.000000,53.656612,-27.973042,3.789328,3.789328
155.000000,53.661650,-27.987828,3.546105,3.546105
171.000000,53.693768,-27.613330,3.385367,3.385367
184.000000,53.963459,-28.169275,3.591906,3.591906
204.000000,53.882386,-27.306048,4.317903,4.317903
239.000000,53.862740,-27.188949,3.560863,3.560863
242.000000,53.549847,-27.340420,4.289312,4.289312
243.000000,53.547378,-27.320232,4.797165,4.797165
259.000000,53.394859,-28.294013,5.037741,5.037741
292.000000,53.615459,-26.919206,4.422491,4.422491
294.000000,53.406060,-27.479973,5.614050,5.614050
296.000000,53.530979,-27.007697,4.011447,4.011447
297.000000,53.810118,-26.948203,3.631947,3.631947
307.000000,53.781001,-27.191455,5.322673,5.322673
325.000000,53.974449,-27.845436,3.315166,3.315166
337.000000,53.901443,-27.719122,5.280170,5.280170
346.000000,53.515651,-27.941897,5.497638,5.497638
364.000000,53.673309,-27.016317,3.695853,3.695853
366.000000,53.408191,-27.446920,5.003337,5.003337
367.000000,53.593576,-27.714259,4.281695,4.281695
373.000000,53.372006,-27.944356,7.832945,7.832945
380.000000,53.761208,-27.891490,6.387093,6.387093
411.000000,53.943672,-27.434057,4.043549,4.043549
450.000000,53.621379,-27.163199,5.756221,5.756221
458.000000,53.387548,-26.930508,4.824957,4.824957
462.000000,53.569874,-27.432987,5.067228,5.067228
493.000000,53.386743,-28.371361,5.004205,5.004205
495.000000,53.381760,-27.903342,5.221703,5.221703
498.000000,53.726510,-28.053976,4.468052,4.468052
504.000000,53.884198,-27.238121,8.171002,8.171002
507.000000,53.778495,-28.203731,4.725859,4.725859
509.000000,53.390915,-28.233738,5.229383,5.229383
516.000000,53.493960,-27.168860,4.674611,4.674611
533.000000,53.902032,-27.769196,4.576367,4.576367
559.000000,53.834793,-27.785286,7.146733,7.146733
584.000000,53.672078,-27.684434,5.754394,5.754394
613.000000,53.537145,-27.728358,14.978080,14.978080
617.000000,53.857038,-27.032081,6.794688,6.794688
621.000000,53.413165,-28.001361,5.513804,5.513804
668.000000,53.459010,-27.435777,5.001520,5.001520
693.000000,53.575426,-27.823431,5.021181,5.021181
706.000000,53.530653,-28.119069,4.883777,4.883777
734.000000,53.695129,-28.154865,5.386303,5.386303
737.000000,53.871683,-27.799513,5.744349,5.744349
754.000000,53.996103,-28.052733,5.266162,5.266162
810.000000,53.426067,-27.388903,4.679508,4.679508
827.000000,53.871117,-27.146161,5.208426,5.208426
840.000000,53.984740,-27.794787,13.285201,13.285201
842.000000,53.990496,-28.157722,7.114031,7.114031
853.000000,53.345911,-27.337062,5.330164,5.330164
888.000000,53.527596,-27.149575,6.586838,6.586838
890.000000,53.548593,-26.988573,5.623003,5.623003
898.000000,53.467078,-27.355149,5.468807,5.468807
910.000000,53.559463,-27.546155,5.799601,5.799601
925.000000,53.522645,-27.877816,5.977529,5.977529
932.000000,53.816938,-27.184944,6.353019,6.353019
938.000000,53.623190,-27.718930,5.632335,5.632335
941.000000,53.632749,-27.790604,5.405515,5.405515
950.000000,53.750720,-27.123704,5.484812,5.484812
952.000000,53.698197,-28.047404,5.939351,5.939351
969.000000,53.665176,-28.181981,5.460457,5.460457
974.000000,53.466156,-28.171159,7.334721,7.334721
1037.000000,53.905939,-27.748426,5.749527,5.749527
1049.000000,53.971232,-28.001143,5.223884,5.223884
1150.000000,53.414725,-27.192569,6.333170,6.333170
1153.000000,53.693006,-27.370158,7.022865,7.022865
1154.000000,53.672997,-27.942532,5.952396,5.952396
1242.000000,53.937917,-27.913239,5.921354,5.921354
1261.000000,53.819620,-27.670496,5.509164,5.509164
